1.000000000000000000e+00 8.000000000000000000e+01 6.000000000000000000e+00 2.457389000000000000e+06 0.000000000000000000e+00 1.000000000000000000e+00 1.000000000000000000e+00 1.000000000000000000e+00 1.000000000000000000e+00 1.000000000000000000e+00 1.000000000000000000e+00 0.000000000000000000e+00 0.000000000000000000e+00
2.456956584161741659e+06 1.140384038033829199e+02 1.998424611793550298e-01 -1.035242652436406230e+00 -8.599862115187921763e-01 5.103172699385698508e-01 6.023302376892227805e-01 0.000000000000000000e+00 1.000000000000000000e+00 2.000000000000000000e+00 -1.000000000000000000e+00 0.000000000000000000e+00 0.000000000000000000e+00
2.456983321959038265e+06 -6.410322764077574220e+01 1.994391710448596144e-01 4.436889428450346839e-01 4.292741365182031754e-01 9.031742443828605360e-01 -7.004672064180873514e-01 0.000000000000000000e+00 2.000000000000000000e+00 1.000000000000000000e+00 -1.000000000000000000e+00 0.000000000000000000e+00 0.000000000000000000e+00
2.456983395958671812e+06 -6.417303874408921160e+01 2.009214667048343228e-01 4.428986118511694103e-01 4.285601959270569083e-01 9.035132309307719600e-01 -6.998211467645227835e-01 0.000000000000000000e+00 3.000000000000000000e+00 5.000000000000000000e+00 1.000000000000000000e+00 0.000000000000000000e+00 0.000000000000000000e+00
2.457006815801513381e+06 9.759588058293242341e+01 1.984863433431893476e-01 -9.782918347210763921e-01 -8.295446727565155554e-01 5.584403602008772838e-01 5.180084696432097902e-01 0.000000000000000000e+00 4.000000000000000000e+00 2.000000000000000000e+00 -1.000000000000000000e+00 0.000000000000000000e+00 0.000000000000000000e+00
2.457006889802551828e+06 9.765177986531715248e+01 1.976507420488372024e-01 -9.815030075104625995e-01 -8.313336411883280874e-01 5.557736742852761314e-01 5.198787894582752589e-01 0.000000000000000000e+00 5.000000000000000000e+00 1.000000000000000000e+00 1.000000000000000000e+00 0.000000000000000000e+00 0.000000000000000000e+00
2.457140351015723776e+06 1.150310168354630669e+01 1.977802847304919176e-01 -2.736618676235584857e+00 -3.939948427612450232e-01 -9.191126502652119390e-01 -6.527199547282590553e-01 0.000000000000000000e+00 6.000000000000000000e+00 2.000000000000000000e+00 -1.000000000000000000e+00 0.000000000000000000e+00 0.000000000000000000e+00
2.457140425029851031e+06 1.167493326763729300e+01 2.004057219614232832e-01 -2.738486827148896019e+00 -3.922771151045539861e-01 -9.198470878169091591e-01 -6.516572781698787287e-01 0.000000000000000000e+00 7.000000000000000000e+00 6.000000000000000000e+00 1.000000000000000000e+00 0.000000000000000000e+00 0.000000000000000000e+00
2.457170590915602166e+06 -3.681928255724987054e+01 1.992329260266650359e-01 2.037008573205682183e+00 8.932773100544945111e-01 -4.495060036771549306e-01 6.907468154288062268e-01 0.000000000000000000e+00 8.000000000000000000e+00 7.000000000000000000e+00 -1.000000000000000000e+00 0.000000000000000000e+00 0.000000000000000000e+00
2.457170664930035826e+06 -3.665787639236356910e+01 1.995805798178646173e-01 2.038764280770186232e+00 8.924867326016583391e-01 -4.510736437988990266e-01 6.892815058818554386e-01 0.000000000000000000e+00 9.000000000000000000e+00 5.000000000000000000e+00 1.000000000000000000e+00 0.000000000000000000e+00 0.000000000000000000e+00
2.457192667383486871e+06 1.250095757355617732e+00 1.996671716140286656e-01 -2.924151586433572092e+00 -2.157316552726347980e-01 -9.764526885176408877e-01 -4.588554218116656092e-01 0.000000000000000000e+00 1.000000000000000000e+01 3.000000000000000000e+00 1.000000000000000000e+00 0.000000000000000000e+00 0.000000000000000000e+00
2.457192843556299806e+06 1.793872607503828931e+00 1.989251316767746414e-01 -2.915940908616008187e+00 -2.237416318619138977e-01 -9.746484915967231766e-01 -4.639537182479970823e-01 0.000000000000000000e+00 1.100000000000000000e+01 7.000000000000000000e+00 -1.000000000000000000e+00 0.000000000000000000e+00 0.000000000000000000e+00
2.457331881263216492e+06 3.324404066530345858e+01 2.003348907391565292e-01 -1.098367766216688413e+00 -8.904657983054919956e-01 4.550501753083530110e-01 6.800747022076791826e-01 0.000000000000000000e+00 1.200000000000000000e+01 4.000000000000000000e+00 -1.000000000000000000e+00 0.000000000000000000e+00 0.000000000000000000e+00
2.457331955262796022e+06 3.309433462734818221e+01 2.007721203768715879e-01 -1.097051223456861901e+00 -8.898659337495762323e-01 4.562221169035919899e-01 6.793085756980641321e-01 0.000000000000000000e+00 1.300000000000000000e+01 2.000000000000000000e+00 1.000000000000000000e+00 0.000000000000000000e+00 0.000000000000000000e+00
2.457363109880918171e+06 -2.045729882688912227e+01 2.000559018230252950e-01 3.821313824625123812e-01 3.728989649253817151e-01 9.278719534276154146e-01 -6.219840042237987365e-01 0.000000000000000000e+00 1.400000000000000000e+01 1.000000000000000000e+00 -1.000000000000000000e+00 0.000000000000000000e+00 0.000000000000000000e+00
2.457363183881191071e+06 -2.017751780750382196e+01 2.003600003322384415e-01 3.790936600779086785e-01 3.700786313480790013e-01 9.290004341331238313e-01 -6.195469214431148508e-01 0.000000000000000000e+00 1.500000000000000000e+01 5.000000000000000000e+00 1.000000000000000000e+00 0.000000000000000000e+00 0.000000000000000000e+00
2.457380861151182093e+06 1.232873406238978475e+01 1.983267131396881655e-01 -8.080153555586390146e-01 -7.229173396205724744e-01 6.909345266202245872e-01 3.528982873404571952e-01 0.000000000000000000e+00 1.600000000000000000e+01 5.000000000000000000e+00 -1.000000000000000000e+00 0.000000000000000000e+00 0.000000000000000000e+00
2.457380935152247082e+06 1.257012956778699930e+01 1.992980620586225493e-01 -8.122423708489745486e-01 -7.258314633214990597e-01 6.878725803901267755e-01 3.555048900202296136e-01 0.000000000000000000e+00 1.700000000000000000e+01 4.000000000000000000e+00 1.000000000000000000e+00 0.000000000000000000e+00 0.000000000000000000e+00
2.457516150631380733e+06 -2.813209527067436611e+01 1.982382447741138642e-01 -2.699307524578109074e+00 -4.280058254526908357e-01 -9.037759752165138716e-01 -7.078510127600369239e-01 0.000000000000000000e+00 1.800000000000000000e+01 2.000000000000000000e+00 -1.000000000000000000e+00 0.000000000000000000e+00 0.000000000000000000e+00
2.457516224645709153e+06 -2.813529819329097137e+01 1.986616179101400037e-01 -2.700076078499912047e+00 -4.273110985446951782e-01 -9.041046538208536987e-01 -7.074325862412852439e-01 0.000000000000000000e+00 1.900000000000000000e+01 6.000000000000000000e+00 1.000000000000000000e+00 0.000000000000000000e+00 0.000000000000000000e+00
2.457551632769088261e+06 4.678235468279059006e+01 1.997529959542801714e-01 2.142296954893712524e+00 8.410902405190606723e-01 -5.408948209250932226e-01 5.533024335688527806e-01 0.000000000000000000e+00 2.000000000000000000e+01 5.000000000000000000e+00 -1.000000000000000000e+00 0.000000000000000000e+00 0.000000000000000000e+00
2.457551706782848109e+06 4.609961471913656084e+01 2.006307009534974428e-01 2.146096711761021680e+00 8.390289047672999656e-01 -5.440868468957735793e-01 5.501949575482840693e-01 0.000000000000000000e+00 2.100000000000000000e+01 4.000000000000000000e+00 1.000000000000000000e+00 0.000000000000000000e+00 0.000000000000000000e+00
2.457566639310996048e+06 -3.519923935958572780e+00 1.998914108019063940e-01 3.126375020213811418e+00 1.521704604207754080e-02 -9.998842140516837063e-01 -2.518674434534836082e-01 0.000000000000000000e+00 2.200000000000000000e+01 2.000000000000000000e+00 -1.000000000000000000e+00 0.000000000000000000e+00 0.000000000000000000e+00
2.457566713323297910e+06 -3.972579929201461635e+00 1.981888657913924712e-01 3.130754309973696081e+00 1.083813142119514038e-02 -9.999412657287911621e-01 -2.547787985949397926e-01 0.000000000000000000e+00 2.300000000000000000e+01 5.000000000000000000e+00 1.000000000000000000e+00 0.000000000000000000e+00 0.000000000000000000e+00
2.457566889495369047e+06 -4.456791120402733064e+00 1.984702921548825438e-01 3.141138148983044331e+00 4.545045911007349255e-04 -9.999998967127829985e-01 -2.616388627348847917e-01 0.000000000000000000e+00 2.400000000000000000e+01 7.000000000000000000e+00 -1.000000000000000000e+00 0.000000000000000000e+00 0.000000000000000000e+00
2.457663957313550171e+06 -1.726603473199494942e+01 1.994349351025231920e-01 -1.862650287735413968e-01 -1.851898286514023217e-01 9.827027665393357481e-01 -1.012411392112471942e-01 0.000000000000000000e+00 2.500000000000000000e+01 7.000000000000000000e+00 -1.000000000000000000e+00 0.000000000000000000e+00 0.000000000000000000e+00
2.457664207464328036e+06 -1.623146947496525172e+01 1.985550505358534557e-01 -1.681934043759296116e-01 -1.674015208209405081e-01 9.858888024654891558e-01 -1.146877237885439021e-01 0.000000000000000000e+00 2.600000000000000000e+01 6.000000000000000000e+00 -1.000000000000000000e+00 0.000000000000000000e+00 0.000000000000000000e+00
2.457664281467057765e+06 -1.585649840972154934e+01 1.994502641354904682e-01 -1.628412044655687119e-01 -1.621224743634299414e-01 9.867706437193392022e-01 -1.186831561973022975e-01 0.000000000000000000e+00 2.700000000000000000e+01 7.000000000000000000e+00 1.000000000000000000e+00 0.000000000000000000e+00 0.000000000000000000e+00
2.457664457614077721e+06 -1.495219091045438731e+01 2.006770392320240681e-01 -1.500920804386527974e-01 -1.495291783145255571e-01 9.887573134154724608e-01 -1.282230597430545072e-01 0.000000000000000000e+00 2.800000000000000000e+01 6.000000000000000000e+00 -1.000000000000000000e+00 0.000000000000000000e+00 0.000000000000000000e+00
2.457664531616553664e+06 -1.487321649654583133e+01 1.971040086993017248e-01 -1.447324666996037124e-01 -1.442276987619692807e-01 9.895445269970556401e-01 -1.322427156676700133e-01 0.000000000000000000e+00 2.900000000000000000e+01 7.000000000000000000e+00 1.000000000000000000e+00 0.000000000000000000e+00 0.000000000000000000e+00
2.457664707763064653e+06 -1.459467806815520952e+01 1.987696596668509230e-01 -1.319683180499071906e-01 -1.315855994133116047e-01 9.913048118651697216e-01 -1.418364406728095106e-01 0.000000000000000000e+00 3.000000000000000000e+01 5.000000000000000000e+00 -1.000000000000000000e+00 0.000000000000000000e+00 0.000000000000000000e+00
2.457664781765366904e+06 -1.413006047689769495e+01 2.003261639311231801e-01 -1.266035211998081111e-01 -1.262655824104033375e-01 9.919964731280861425e-01 -1.458770694588759076e-01 0.000000000000000000e+00 3.100000000000000000e+01 6.000000000000000000e+00 1.000000000000000000e+00 0.000000000000000000e+00 0.000000000000000000e+00
2.457664957911561709e+06 -1.341999346232547907e+01 2.014041020358749157e-01 -1.138298069411095986e-01 -1.135841464133420936e-01 9.935283799084716483e-01 -1.555167391391200915e-01 0.000000000000000000e+00 3.200000000000000000e+01 5.000000000000000000e+00 -1.000000000000000000e+00 0.000000000000000000e+00 0.000000000000000000e+00
2.457665031913772225e+06 -1.346389498238832338e+01 1.981231196304510944e-01 -1.084621823519242995e-01 -1.082496484043879575e-01 9.941237416037936869e-01 -1.595749770688680014e-01 0.000000000000000000e+00 3.300000000000000000e+01 6.000000000000000000e+00 1.000000000000000000e+00 0.000000000000000000e+00 0.000000000000000000e+00
2.457665208059847821e+06 -1.254693518328293855e+01 1.989778331266823241e-01 -9.568465371522880125e-02 -9.553871288732945777e-02 9.954257151288751215e-01 -1.692524681429322109e-01 0.000000000000000000e+00 3.400000000000000000e+01 5.000000000000000000e+00 -1.000000000000000000e+00 0.000000000000000000e+00 0.000000000000000000e+00
2.457665282062049955e+06 -8.400776141312670475e+00 1.984594475934834956e-01 -9.031667748903740578e-02 -9.019394049671108915e-02 9.959242205598153319e-01 -1.733248578447502963e-01 1.000000000000000000e+00 3.500000000000000000e+01 6.000000000000000000e+00 1.000000000000000000e+00 0.000000000000000000e+00 0.000000000000000000e+00
2.457665458208206575e+06 -1.160498525914881895e+01 1.972425462250469719e-01 -7.754136777473970288e-02 -7.746368610401627164e-02 9.969951741784803811e-01 -1.830318488834263013e-01 0.000000000000000000e+00 3.600000000000000000e+01 5.000000000000000000e+00 -1.000000000000000000e+00 0.000000000000000000e+00 0.000000000000000000e+00
2.457665532210485078e+06 -1.155103854336040570e+01 1.961705412295068340e-01 -7.217563214440740615e-02 -7.211298411442090828e-02 9.973964695757215893e-01 -1.871148604098024915e-01 0.000000000000000000e+00 3.700000000000000000e+01 7.000000000000000000e+00 1.000000000000000000e+00 0.000000000000000000e+00 0.000000000000000000e+00
2.457665708356926683e+06 -1.106270017552748897e+01 1.991976831575450468e-01 -5.940884498562690186e-02 -5.937390478164326912e-02 9.982358135385548392e-01 -1.968428842209233864e-01 0.000000000000000000e+00 3.800000000000000000e+01 6.000000000000000000e+00 -1.000000000000000000e+00 0.000000000000000000e+00 0.000000000000000000e+00
2.457665782359368168e+06 -1.061215986875178352e+01 1.977614905153086688e-01 -5.404805305724730280e-02 -5.402174277668887054e-02 9.985397595025293782e-01 -2.009329382637360106e-01 0.000000000000000000e+00 3.900000000000000000e+01 7.000000000000000000e+00 1.000000000000000000e+00 0.000000000000000000e+00 0.000000000000000000e+00
2.457665958506297786e+06 -1.010671507720397067e+01 1.989632636615527861e-01 -4.129634914524620004e-02 -4.128461242657878449e-02 9.991474269479890813e-01 -2.106734378919908890e-01 0.000000000000000000e+00 4.000000000000000000e+01 6.000000000000000000e+00 -1.000000000000000000e+00 0.000000000000000000e+00 0.000000000000000000e+00
2.457666208656612318e+06 -8.681807415771425340e+00 2.008706351773179299e-01 -2.321349135207089950e-02 -2.321140658067119555e-02 9.997305790084380916e-01 -2.245113171966285903e-01 0.000000000000000000e+00 4.100000000000000000e+01 7.000000000000000000e+00 -1.000000000000000000e+00 0.000000000000000000e+00 0.000000000000000000e+00
2.457707428731186781e+06 -5.368519559500651894e+01 1.976818381513074652e-01 -1.122071666152230751e+00 -9.010010985828170726e-01 4.338168050601045600e-01 7.100482696313787923e-01 0.000000000000000000e+00 4.200000000000000000e+01 1.000000000000000000e+00 -1.000000000000000000e+00 0.000000000000000000e+00 0.000000000000000000e+00
2.457744223473028280e+06 2.877131162993206814e+00 1.989019980494831086e-01 1.733087204392154135e-01 1.724424415076551143e-01 9.850195959303951199e-01 -4.018725574014059831e-01 0.000000000000000000e+00 4.300000000000000000e+01 2.000000000000000000e+00 1.000000000000000000e+00 0.000000000000000000e+00 0.000000000000000000e+00
2.457744399617223069e+06 1.932777033461252625e+00 1.991435968138936807e-01 1.612643308359356098e-01 1.605662608405059033e-01 9.870250634506191334e-01 -3.924916302416662783e-01 0.000000000000000000e+00 4.400000000000000000e+01 4.000000000000000000e+00 -1.000000000000000000e+00 0.000000000000000000e+00 0.000000000000000000e+00
2.457744473617870826e+06 1.398162169589291404e+00 1.988847565216795565e-01 1.561732261557085000e-01 1.555391537462927076e-01 9.878297280664756208e-01 -3.885253493246734746e-01 0.000000000000000000e+00 4.500000000000000000e+01 6.000000000000000000e+00 1.000000000000000000e+00 0.000000000000000000e+00 0.000000000000000000e+00
2.457752653397822287e+06 -3.904075313853095963e+01 1.997300871658307941e-01 -4.443223027411489778e-01 -4.298460847250219485e-01 9.029021782267275809e-01 6.950470188466090216e-02 0.000000000000000000e+00 4.600000000000000000e+01 7.000000000000000000e+00 -1.000000000000000000e+00 0.000000000000000000e+00 0.000000000000000000e+00
2.457752727398355957e+06 -3.925433333841944972e+01 1.969247515860036157e-01 -4.495695599848978929e-01 -4.345779053639601264e-01 9.006342455011762116e-01 7.313102600633379635e-02 0.000000000000000000e+00 4.700000000000000000e+01 7.000000000000000000e+00 1.000000000000000000e+00 0.000000000000000000e+00 0.000000000000000000e+00
2.457752903542057145e+06 -3.991416506954117693e+01 1.953257044606656889e-01 -4.620235904917160963e-01 -4.457604400767340991e-01 8.951522943402403509e-01 8.169095690575910174e-02 0.000000000000000000e+00 4.800000000000000000e+01 3.000000000000000000e+00 -1.000000000000000000e+00 0.000000000000000000e+00 0.000000000000000000e+00
2.457752977543933317e+06 -4.007214988569645442e+01 1.975478559158652947e-01 -4.672405782427831999e-01 -4.504243513392725551e-01 8.928145964983970062e-01 8.525687111342729330e-02 0.000000000000000000e+00 4.900000000000000000e+01 4.000000000000000000e+00 1.000000000000000000e+00 0.000000000000000000e+00 0.000000000000000000e+00
2.457843595595439430e+06 1.147926600231351024e+01 1.994218810084076032e-01 3.027974198823560670e+00 1.133741594941224673e-01 -9.935523639743409907e-01 -1.511539723716806005e-01 0.000000000000000000e+00 5.000000000000000000e+01 2.000000000000000000e+00 1.000000000000000000e+00 0.000000000000000000e+00 0.000000000000000000e+00
2.457843771766489837e+06 1.315895281381630966e+01 2.009206009206581101e-01 3.016370403220442586e+00 1.248952466022545116e-01 -9.921699337190993395e-01 -1.434361968038020962e-01 0.000000000000000000e+00 5.100000000000000000e+01 4.000000000000000000e+00 -1.000000000000000000e+00 0.000000000000000000e+00 0.000000000000000000e+00
2.457843845778444782e+06 1.411984692609411951e+01 1.982330908150123916e-01 3.011479782427997076e+00 1.297460605366306530e-01 -9.915472554423339080e-01 -1.401631611299037072e-01 0.000000000000000000e+00 5.200000000000000000e+01 6.000000000000000000e+00 1.000000000000000000e+00 0.000000000000000000e+00 0.000000000000000000e+00
2.457854777832307387e+06 1.028710007539674649e+02 2.000551401871032697e-01 2.247599156775662355e+00 7.795790994002819163e-01 -6.263037823438760698e-01 4.524329256097596175e-01 0.000000000000000000e+00 5.300000000000000000e+01 6.000000000000000000e+00 -1.000000000000000000e+00 0.000000000000000000e+00 0.000000000000000000e+00
2.457854851845064200e+06 1.032163003252383504e+02 1.992694003545354975e-01 2.242993640939817901e+00 7.824552734667592491e-01 -6.227067889657691424e-01 4.560785722943961895e-01 0.000000000000000000e+00 5.400000000000000000e+01 5.000000000000000000e+00 1.000000000000000000e+00 0.000000000000000000e+00 0.000000000000000000e+00
2.457892081734092906e+06 -6.878651296750354049e+01 1.981851748495463139e-01 -2.696392522477409681e+00 -4.306385121557690376e-01 -9.025244993063986643e-01 -7.164699741894068330e-01 0.000000000000000000e+00 5.500000000000000000e+01 2.000000000000000000e+00 1.000000000000000000e+00 0.000000000000000000e+00 0.000000000000000000e+00
2.458033804452595767e+06 -1.025005933181058708e+02 1.995651155696690493e-01 -7.235510047739893702e-01 -6.620501747985643171e-01 7.494595159507886351e-01 2.989863403531031749e-01 0.000000000000000000e+00 5.600000000000000000e+01 7.000000000000000000e+00 -1.000000000000000000e+00 0.000000000000000000e+00 0.000000000000000000e+00
2.458033878454568330e+06 -1.021598367048996039e+02 1.991463852978525573e-01 -7.192031253905545318e-01 -6.587853677804534902e-01 7.523309372864926958e-01 2.961559112921263170e-01 0.000000000000000000e+00 5.700000000000000000e+01 6.000000000000000000e+00 1.000000000000000000e+00 0.000000000000000000e+00 0.000000000000000000e+00
2.458049807616100181e+06 3.895317909919734234e+01 1.995229025592566152e-01 3.494429428783851765e-01 3.423744700202127067e-01 9.395635807535211992e-01 -5.810848797706045232e-01 0.000000000000000000e+00 5.800000000000000000e+01 3.000000000000000000e+00 -1.000000000000000000e+00 0.000000000000000000e+00 0.000000000000000000e+00
2.458049881616618950e+06 3.964279807224389884e+01 1.999161555178553262e-01 3.530442031267946867e-01 3.457558555429614544e-01 9.383245112208008498e-01 -5.839999627964724827e-01 0.000000000000000000e+00 5.900000000000000000e+01 7.000000000000000000e+00 1.000000000000000000e+00 0.000000000000000000e+00 0.000000000000000000e+00
2.458082783421296161e+06 -1.411746154104380366e+02 1.982175196898422476e-01 -1.111850666819935274e+00 -8.965200716563515027e-01 4.430031163742421119e-01 6.930544237234527172e-01 0.000000000000000000e+00 6.000000000000000000e+01 7.000000000000000000e+00 -1.000000000000000000e+00 0.000000000000000000e+00 0.000000000000000000e+00
2.458082857420842163e+06 -1.412577543067133945e+02 1.993207192018114915e-01 -1.112860997923999395e+00 -8.969671938379931708e-01 4.420971083126374879e-01 6.936042027280272526e-01 0.000000000000000000e+00 6.100000000000000000e+01 5.000000000000000000e+00 1.000000000000000000e+00 0.000000000000000000e+00 0.000000000000000000e+00
2.458216566185546573e+06 -4.157763026851500143e+01 1.975344936857351963e-01 -2.965981256034048386e+00 -1.747101644136337395e-01 -9.846199055729886185e-01 -3.903916319231893750e-01 0.000000000000000000e+00 6.200000000000000000e+01 2.000000000000000000e+00 -1.000000000000000000e+00 0.000000000000000000e+00 0.000000000000000000e+00
2.458216640198695008e+06 -4.087887701539897023e+01 1.993531626871991036e-01 -2.969892787083340480e+00 -1.708574663646532099e-01 -9.852957556934117678e-01 -3.880031892276151750e-01 0.000000000000000000e+00 6.300000000000000000e+01 5.000000000000000000e+00 1.000000000000000000e+00 0.000000000000000000e+00 0.000000000000000000e+00
2.458236144205862656e+06 2.060643249118733422e+02 1.985504996818928114e-01 2.072482185454014747e+00 8.767730714806436509e-01 -4.809043367722920514e-01 6.482710436639460561e-01 0.000000000000000000e+00 6.400000000000000000e+01 7.000000000000000000e+00 1.000000000000000000e+00 0.000000000000000000e+00 0.000000000000000000e+00
2.458268057564414572e+06 -1.019294755156839045e+02 1.989153454157132628e-01 -2.726493805503914292e+00 -4.032803859123436641e-01 -9.150764614710571454e-01 -6.789876089384410118e-01 0.000000000000000000e+00 6.500000000000000000e+01 2.000000000000000000e+00 -1.000000000000000000e+00 0.000000000000000000e+00 0.000000000000000000e+00
2.458268131578617264e+06 -1.022134423899910303e+02 2.008169189917753672e-01 -2.725053177697490447e+00 -4.045982515660530576e-01 -9.144945351557289825e-01 -6.798432688244020472e-01 0.000000000000000000e+00 6.600000000000000000e+01 7.000000000000000000e+00 1.000000000000000000e+00 0.000000000000000000e+00 0.000000000000000000e+00
2.458407849266279023e+06 -1.981535401365951827e+02 1.979226281511680952e-01 -9.245249615533404075e-01 -7.983347785306672550e-01 6.022139000292092703e-01 4.834978281653877774e-01 0.000000000000000000e+00 6.700000000000000000e+01 5.000000000000000000e+00 -1.000000000000000000e+00 0.000000000000000000e+00 0.000000000000000000e+00
2.458407923267044593e+06 -1.980187387179024654e+02 1.987667850812989412e-01 -9.211086505097455523e-01 -7.962727737849627507e-01 6.049377403740004988e-01 4.813959833386495801e-01 0.000000000000000000e+00 6.800000000000000000e+01 4.000000000000000000e+00 1.000000000000000000e+00 0.000000000000000000e+00 0.000000000000000000e+00
2.458429919802604709e+06 8.971975702788861895e+01 1.970213661456018672e-01 4.344484730706162923e-01 4.209101740495073685e-01 9.071023235454825917e-01 -6.917240449062129759e-01 0.000000000000000000e+00 6.900000000000000000e+01 2.000000000000000000e+00 1.000000000000000000e+00 0.000000000000000000e+00 0.000000000000000000e+00
2.458458080649853684e+06 -2.260146457489895795e+02 1.971893476807466683e-01 -1.065846519611640897e+00 -8.751987569819610346e-01 4.837635122425318346e-01 6.291192551285716972e-01 0.000000000000000000e+00 7.000000000000000000e+01 6.000000000000000000e+00 -1.000000000000000000e+00 0.000000000000000000e+00 0.000000000000000000e+00
2.458458154649589211e+06 -2.259960510291146818e+02 2.000228017489848187e-01 -1.067996963442476632e+00 -8.762370388030665813e-01 4.818803293657391573e-01 6.303384675740507648e-01 0.000000000000000000e+00 7.100000000000000000e+01 5.000000000000000000e+00 1.000000000000000000e+00 0.000000000000000000e+00 0.000000000000000000e+00
2.458591187584741041e+06 -1.065321902133891854e+02 1.984808423439764768e-01 -2.816044473873882570e+00 -3.198282207606683580e-01 -9.474755454390710874e-01 -5.477040365488923257e-01 0.000000000000000000e+00 7.200000000000000000e+01 1.000000000000000000e+00 1.000000000000000000e+00 0.000000000000000000e+00 0.000000000000000000e+00
2.458591363757926039e+06 -1.040711437706303144e+02 1.991473638990258754e-01 -2.823003162652824471e+00 -3.132273429792611363e-01 -9.496781726512156796e-01 -5.436369599629782279e-01 0.000000000000000000e+00 7.300000000000000000e+01 6.000000000000000000e+00 -1.000000000000000000e+00 0.000000000000000000e+00 0.000000000000000000e+00
2.458616685462577268e+06 3.030850038360705980e+02 1.976161214674649891e-01 2.019705230963389386e+00 9.009211553529959948e-01 -4.339828013152396968e-01 7.175205466150326172e-01 0.000000000000000000e+00 7.400000000000000000e+01 1.000000000000000000e+00 1.000000000000000000e+00 0.000000000000000000e+00 0.000000000000000000e+00
2.458643856866758317e+06 -1.188527444174304719e+02 1.993243040989377823e-01 -2.793726202883497045e+00 -3.408928305472589404e-01 -9.401021636404619519e-01 -5.959662754177338373e-01 0.000000000000000000e+00 7.500000000000000000e+01 5.000000000000000000e+00 -1.000000000000000000e+00 0.000000000000000000e+00 0.000000000000000000e+00
2.458778284739864990e+06 9.691631109036339353e+01 1.987811197744182579e-01 3.324264939305732192e-01 3.263376381852415298e-01 9.452532707712142379e-01 -5.588168254207324104e-01 0.000000000000000000e+00 7.600000000000000000e+01 7.000000000000000000e+00 1.000000000000000000e+00 0.000000000000000000e+00 0.000000000000000000e+00
2.458803246907090303e+06 -3.124023249599462702e+02 1.993804183825729215e-01 -1.122216461641202923e+00 -9.010639038539360879e-01 4.336863396182829011e-01 7.091692692285764821e-01 0.000000000000000000e+00 7.700000000000000000e+01 3.000000000000000000e+00 -1.000000000000000000e+00 0.000000000000000000e+00 0.000000000000000000e+00
2.458803320906652138e+06 -3.128650696371048525e+02 1.989405541536858057e-01 -1.122444669418945384e+00 -9.011628509857199099e-01 4.334806985360354359e-01 7.093407693885450671e-01 0.000000000000000000e+00 7.800000000000000000e+01 7.000000000000000000e+00 1.000000000000000000e+00 0.000000000000000000e+00 0.000000000000000000e+00
2.458828785540650133e+06 1.038906469838517381e+02 1.989115663169504500e-01 3.407143311914038741e-01 3.341604460629029050e-01 9.425162047875048632e-01 -5.750163366102284401e-01 0.000000000000000000e+00 7.900000000000000000e+01 2.000000000000000000e+00 -1.000000000000000000e+00 0.000000000000000000e+00 0.000000000000000000e+00
2.458681899999999907e+06 1.307299999999999898e+02 1.981200000000000045e+02 5.999999999999999778e-02 5.999999999999999778e-02 -7.700000000000000178e-01 1.000000000000000000e+00 5.868140000000000146e+04 1.000000000000000000e+00 0.000000000000000000e+00 0.000000000000000000e+00 0.000000000000000000e+00 0.000000000000000000e+00
2.458708660000000149e+06 1.270600000000000023e+02 1.992400000000000091e+02 8.000000000000000167e-02 1.499999999999999944e-01 -9.300000000000000488e-01 1.000000000000000000e+00 5.870816000000000349e+04 2.000000000000000000e+00 0.000000000000000000e+00 0.000000000000000000e+00 0.000000000000000000e+00 0.000000000000000000e+00
2.459453589999999851e+06 2.007999999999999829e+01 2.058000000000000114e+02 8.000000000000000167e-02 5.999999999999999778e-02 -8.699999999999999956e-01 1.000000000000000000e+00 5.945308999999999651e+04 3.000000000000000000e+00 0.000000000000000000e+00 0.000000000000000000e+00 0.000000000000000000e+00 0.000000000000000000e+00
2.459454620000000112e+06 -7.656000000000000227e+01 -8.273999999999999488e+01 1.400000000000000133e-01 8.999999999999999667e-02 -8.800000000000000044e-01 2.000000000000000000e+00 5.945412000000000262e+04 4.000000000000000000e+00 0.000000000000000000e+00 0.000000000000000000e+00 0.000000000000000000e+00 0.000000000000000000e+00
2.459485609999999870e+06 -7.206000000000000227e+01 -8.535999999999999943e+01 5.999999999999999778e-02 1.100000000000000006e-01 -8.299999999999999600e-01 2.000000000000000000e+00 5.948511000000000058e+04 5.000000000000000000e+00 0.000000000000000000e+00 0.000000000000000000e+00 0.000000000000000000e+00 0.000000000000000000e+00
2.459504560000000056e+06 -6.926999999999999602e+01 -8.679000000000000625e+01 5.999999999999999778e-02 7.000000000000000666e-02 -6.999999999999999556e-01 2.000000000000000000e+00 5.950405999999999767e+04 6.000000000000000000e+00 0.000000000000000000e+00 0.000000000000000000e+00 0.000000000000000000e+00 0.000000000000000000e+00